M 3 3
1 2 -1
3 4 -2
5 -4 1

A 2 3
2 3 4
5 6 7

B 3 4
3 4 5 6
4 2 6 8
5 3 7 2

C 2 4
38 26 56 44
74 53 110 92

L 3 3
1 2 3
2 3 4
4 5 6

d 4 2
38 74
26 53
56 110
44 92

New 2 2
1 0
0 1

H 4 4
2 1 5 3
2 1 5 5
7 5 4 23
13 51 89 -33

N 3 3
-2 1 0
-6.5 3 -0.5
-16 7 -1

E 3 3
1 0 0
0 1 0
0 0 1

J 4 4
2.08461 -1.90883 0.12108 -0.0153173
-0.418308 0.00182349 0.0824216 0.0196937
-0.250182 0.463166 -0.0649161 0.00218818
-0.5 0.5 0 0

K 4 4
1 0 0 0
0 1 0 0
0 0 1 0
0 0 0 1