M 3 3
1 2 -1
3 4 -2
5 -4 1

A 2 3
2 3 4
5 6 7

B 3 4
3 4 5 6
4 2 6 8
5 3 7 2

C 2 4
38 26 56 44
74 53 110 92

L 3 3
2 4 6
4 6 8
8 10 12

d 4 2
38 74
26 53
56 110
44 92

New 2 2
1 0
0 1

H 4 4
2 1 5 3
2 1 5 5
7 5 4 23
13 51 89 -33

N 3 3
-2 1 0
-6.5 3 -0.5
-16 7 -1

E 3 3
1 0 0
0 1 0
0 0 1

J 4 4
2.08461 -1.90883 0.12108 -0.0153173
-0.418308 0.00182349 0.0824216 0.0196937
-0.250182 0.463166 -0.0649161 0.00218818
-0.5 0.5 0 0

K 4 4
1 0 0 0
0 1 0 0
0 0 1 0
0 0 0 1

100 3 3
1.2927 -6.03564 -1.95429
4.23586 -1.86199 2.82242
1.04325 -4.57673 6.50013

O 3 3
1.53635e+08 -6.73789e+09 1.06985e+10
2.66786e+11 -1.0837e+12 4.4388e+13
6.82217e+14 -2.79079e+15 1.07653e+16

O 3 3
1.53635e-08 -6.73789e+09 1.06985e+10
2.66786e+11 -1.0837e-12 4.4388e+13
6.82217e+14 -2.79079e+15 1.07653e-16